potong file
967
967
921
916
812
805
553
152
152
152
152
612
612
908
835
629
605
604
604
597
486
327
452
323
402
302
451
448
450
332
466
459
653
653
653
653
652
652
676
808
454
454
450
449
306
308
312
312
312
312
312
308
309
302
303
318
436
433
233
474
850
850
857
933
952
996
997
999
999
1006
1006
1005
1005
1012


potong file
966
967
979
978
977
922
919
826
254
822
635
635
864
632
604
604
595
553
579
538
838
835
845
920
796
826
175
174
187
179
181
167
182
182
182
167
183
183
567
567
567
191
191
175
175
174
550
165
548
611
614
880
881
947
956
990
1020
1020
1021
1015
1013


potong file
762
599
605
605
605
251
604
757
944
948
949
991
1022
991
1022
948
813
813
583
583
586
656
377
377
347
347
347
347
349
349
349
469
471
693
731
731
731
823
823
823
873
867
867
744
746
359
349
468
469
469
469
469
469
469
468
469
469
468
468
469
469
469
469
469
470
471
734
862
862
1016
1016
1016
1016
1018
1018
1017
1018
1017
1014
1014


potong file
798
786
220
156
158
248
248
213
213
245
908
901
913
797
787
800
800
556
152
552
150
148
144
147
153
554
904
804
800
556
526
538
554
554
564
565
609
614
944
911
923
927
915
914
918
223
816
238
808
581
581
326
323
321
323
323
402
400
449
449
449
305
305
304
304
305
305
304
306
307
449
449
456
458
694
856
860
877
876
877
875
976
977
978
980
982
982
983
989
989
1019
1019
1022
1022
1023
1014
1013


