potong file
798
779
199
198
193
192
25
3
6
112
896
896
594
360
352
352
320
336
336
292
388
337
496
498
840
851
863
997
996
997
997
952
702
740
738
484
344
387
390
388
388
388
388
388
388
388
388
388
388
388
388
388
388
388
388
400
301
393
433
848
848
851
932
936
936
936
996
996
997
997
1002
1002
1004
999
999
999
999
999
999
999
1005
999
999
1005
1004
1004


potong file
917
830
973
847
811
745
650
377
379
253
187
620
183
183
183
616
622
622
622
868
907
907
806
802
802
593
593
580
578
578
578
552
576
576
576
576
576
576
588
834
804
596
517
516
516
576
577
577
516
516
516
577
577
577
577
577
577
538
554
554
558
558
554
159
608
615
614
615
255
875
946
911
887
986
987
957
1008
965
823
823
951
956
1009
968
974
975
974
1020
987
1011
1015


potong file
962
637
638
917
961
819
803
802
596
579
579
579
155
553
552
576
576
836
833
834
906
805
804
187
552
152
152
144
173
552
552
552
153
552
552
552
152
152
518
518
554
832
788
170
146
147
609
904
905
911
984
951
887
887
887
987
987
895
887
887
987
987
987
990
990
1021
1021
990
1021
1021
1021
1021
1021
1021
1021
1021
1021
1021
1021
1021
1021
1021
1021
1021
1021
1021
1015
1015


potong file
812
716
632
632
590
591
839
845
948
844
812
599
578
579
656
377
344
338
336
337
337
337
344
344
344
368
378
842
628
250
250
632
604
744
712
377
347
347
347
347
347
347
347
347
347
347
347
347
347
347
350
452
451
728
850
856
862
996
1002
767
958
1008
973
831
975
957
957
1017
1017
1021
1019
1017
1021
1021
1019
1019
1021
1021
1021
1021
1015
1015


